Jan 21, 2022 16:02:37.937856000 -05
Jan 21, 2022 16:02:43.314963000 -05
Jan 21, 2022 16:02:46.992705000 -05
